COMMENT: RAM Used: 865
//JOB 7 exec. section:
4B060000 4B000000 4B010000 4B020000
4B030001 4F07009C C1270000 4C070004
4C060001 05320000 C1070000 4C070004
4C060001 04023000 04002000 10658000
56810028 92000000 0000000B 00000000
	data/output/temp section
00000000 00000000 00000000 00000000
00000000 00000000 00000000 00000000
00000000 00000000 00000000 00000000
00000000 00000000 00000000 00000000
00000000 00000000 00000000 00000000
00000000 00000000 00000000 00000000
00000000 00000000 00000000 00000000
00000000 00000000 00000000 00000000
00000000 00000000 00000000 00000000
00000000 00000000 00000000 00000000
00000000 00000000 C050004C 4B060000
4B000000 4B010000 4B020000 4B030001
4F07009C C1270000 4C070004 4C060001
05320000 C1070000 4C070004 4C060001
04230000 04300000 10658000 56810028
92000000 0000000B 00000000 00000000
00000000 00000000 00000000 00000000
00000000 00000000 00000000 00000000
00000000 00000000 00000000 00000000
00000000 00000000 00000000 00000000
00000000 00000000 00000000 00000000
00000000 00000000 00000000 00000000
00000000 00000000 00000000 00000000
00000000 00000000 00000000 00000000
00000000 00000000 00000000 00000000
00000000 00000000 00000000 00000000
00000000 C050004C 4B060000 4B000000
4B010000 4B020000 4B030001 4F07009C
C1270000 4C070004 4C060001 05320000
C1070000 4C070004 4C060001 04230000
04300000 10658000 56810028 92000000
00000009 00000000 00000000 00000000
00000000 00000000 00000000 00000000
00000000 00000000 00000000 00000000
00000000 00000000 00000000 00000000
00000000 00000000 00000000 00000000
00000000 00000000 00000000 00000000
00000000 00000000 00000000 00000000
00000000 00000000 00000000 00000000
00000000 00000000 00000000 00000000
00000000 00000000 00000000 00000000
00000000 00000000 00000000 00000000
C0500060 4B060000 4B010000 4B000000
4F0A0060 4F0D00E0 4C0A0004 C0BA0000
42BD0000 4C0D0004 4C060001 10658000
56810018 4B060000 4F0900E0 43970000
05070000 4C060001 4C090004 10658000
5681003C 08050000 C10000B0 92000000
0000000A 00000006 0000002C 00000045
00000001 00000009 000000B0 00000001
00000007 000000AA 00000055 00000000
00000000 00000000 00000000 00000000
00000000 00000000 00000000 00000000
00000000 00000000 00000000 00000000
00000000 00000000 00000000 00000000
00000000 00000000 00000000 00000000
00000000 00000000 00000000 00000000
00000000 00000000 00000000 00000000
00000000 00000000 00000000 00000000
C0500060 4B060000 4B010000 4B000000
4F0A0060 4F0D00E0 4C0A0004 C0BA0000
42BD0000 4C0D0004 4C060001 10658000
56810018 4B060000 4F0900E0 43970000
05070000 4C060001 4C090004 10658000
5681003C 08050000 C10000B0 92000000
0000000A 00000006 0000002C 00000045
00000001 00000009 000000B0 00000001
00000007 000000AA 00000055 00000000
00000000 00000000 00000000 00000000
00000000 00000000 00000000 00000000
00000000 00000000 00000000 00000000
00000000 00000000 00000000 00000000
00000000 00000000 00000000 00000000
00000000 00000000 00000000 00000000
00000000 00000000 00000000 00000000
00000000 00000000 00000000 00000000
C0500060 4B060000 4B010000 4B000000
4F0A0060 4F0D00E0 4C0A0004 C0BA0000
42BD0000 4C0D0004 4C060001 10658000
56810018 4B060000 4F0900E0 43970000
05070000 4C060001 4C090004 10658000
5681003C 08050000 C10000B0 92000000
00000009 00000006 0000002C 00000045
00000001 00000009 000000B0 00000001
00000007 000000AA 00000000 00000000
00000000 00000000 00000000 00000000
00000000 00000000 00000000 00000000
00000000 00000000 00000000 00000000
00000000 00000000 00000000 00000000
00000000 00000000 00000000 00000000
00000000 00000000 00000000 00000000
00000000 00000000 00000000 00000000
00000000 00000000 00000000 00000000
C0500060 4B060000 4B010000 4B000000
4F0A0060 4F0D00E0 4C0A0004 C0BA0000
42BD0000 4C0D0004 4C060001 10658000
56810018 4B060000 4F0900E0 43970000
05070000 4C060001 4C090004 10658000
5681003C 08050000 C10000B0 92000000
0000000A 00000006 0000002C 00000045
00000001 00000009 000000B0 00000001
00000007 000000AA 00000055 00000000
00000000 00000000 00000000 00000000
00000000 00000000 00000000 00000000
00000000 00000000 00000000 00000000
00000000 00000000 00000000 00000000
00000000 00000000 00000000 00000000
00000000 00000000 00000000 00000000
00000000 00000000 00000000 00000000
00000000 00000000 00000000 00000000
//JOB B exec. section:
4B060000 4B010000 4B000000 4F0A005C
4F0D00DC 4C0A0004 C0BA0000 42BD0000
4C0D0004 4C060001 10658000 56810018
4B060000 4F0900DC 43970000 05070000
4C060001 4C090004 10658000 5681003C
C10000AC 92000000 0000000A 00000006
	data/output/temp section
0000002C 00000045 00000081 000000E7
000000C0 00000001 00000065 0000000A
00000055 00000000 00000000 00000000
00000000 00000000 00000000 00000000
00000000 00000000 00000000 00000000
00000000 00000000 00000000 00000000
00000000 00000000 00000000 00000000
00000000 00000000 00000000 00000000
00000000 00000000 00000000 00000000
00000000 00000000 00000000 00000000
00000000 00000000 C050005C 4B060000
4B010000 4B000000 4F0A005C 4F0D00DC
4C0A0004 C0BA0000 42BD0000 4C0D0004
4C060001 10658000 56810018 4B060000
4F0900DC 43970000 05070000 4C060001
4C090004 10658000 5681003C C10000AC
92000000 00000009 00000006 0000002C
00000045 00000001 00000007 00000000
00000001 00000005 0000000A 00000000
00000000 00000000 00000000 00000000
00000000 00000000 00000000 00000000
00000000 00000000 00000000 00000000
00000000 00000000 00000000 00000000
00000000 00000000 00000000 00000000
00000000 00000000 00000000 00000000
00000000 00000000 00000000 00000000
00000000 00000000 00000000 00000000
00000000 C050005C 4B060000 4B010000
4B000000 4F0A005C 4F0D00DC 4C0A0004
C0BA0000 42BD0000 4C0D0004 4C060001
10658000 56810018 4B060000 4F0900DC
43970000 05070000 4C060001 4C090004
10658000 5681003C C10000AC 92000000
00000005 00000006 0000002C 00000045
00000001 00000007 00000000 00000000
00000000 00000000 00000000 00000000
00000000 00000000 00000000 00000000
00000000 00000000 00000000 00000000
00000000 00000000 00000000 00000000
00000000 00000000 00000000 00000000
00000000 00000000 00000000 00000000
00000000 00000000 00000000 00000000
00000000 00000000 00000000 00000000
00000000 00000000 00000000 00000000
C050005C 4B060000 4B010000 4B000000
4F0A005C 4F0D00DC 4C0A0004 C0BA0000
42BD0000 4C0D0004 4C060001 10658000
56810018 4B060000 4F0900DC 43970000
05070000 4C060001 4C090004 10658000
5681003C C10000AC 92000000 0000000A
00000006 0000002C 00000045 00000001
00000007 00000000 00000001 00000005
0000000A 00000055 00000000 00000000
00000000 00000000 00000000 00000000
00000000 00000000 00000000 00000000
00000000 00000000 00000000 00000000
00000000 00000000 00000000 00000000
00000000 00000000 00000000 00000000
00000000 00000000 00000000 00000000
00000000 00000000 00000000 00000000
00000000 00000000 00000000 C0500060
4B060000 4B010000 4B000000 4F0A0060
4F0D00E0 4C0A0004 C0BA0000 42BD0000
4C0D0004 4C060001 10658000 56810018
4B060000 4F0900E0 43970000 05070000
4C060001 4C090004 10658000 5681003C
08050000 C10000B0 92000000 0000000A
00000006 0000002C 00000045 00000001
00000009 000000B0 00000001 00000007
000000AA 00000055 00000000 00000000
00000000 00000000 00000000 00000000
00000000 00000000 00000000 00000000
00000000 00000000 00000000 00000000
00000000 00000000 00000000 00000000
00000000 00000000 00000000 00000000
00000000 00000000 00000000 00000000
00000000 00000000 00000000 00000000
00000000 00000000 00000000 C0500060
4B060000 4B010000 4B000000 4F0A0060
4F0D00E0 4C0A0004 C0BA0000 42BD0000
4C0D0004 4C060001 10658000 56810018
4B060000 4F0900E0 43970000 05070000
4C060001 4C090004 10658000 5681003C
08050000 C10000B0 92000000 0000000A
0000000D 0000002C 00000045 000000DE
00000009 000000B0 00000001 00000007
000000AA 00000055 00000000 00000000
00000000 00000000 00000000 00000000
00000000 00000000 00000000 00000000
00000000 00000000 00000000 00000000
00000000 00000000 00000000 00000000
00000000 00000000 00000000 00000000
00000000 00000000 00000000 00000000
00000000 00000000 00000000 00000000
00000000 00000000 00000000 