COMMENT: 
//JOB 7 exec. section:
C050004C 4B060000 4B000000 4B010000
4B020000 4B030001 4F07009C C1270000
4C070004 4C060001 05320000 C1070000
4C070004 4C060001 04023000 04002000
10658000 56810028 92000000 0000000B
	data/output/temp section
00000000 00000000 00000000 00000000
00000000 00000000 00000000 00000000
00000000 00000000 00000000 00000000
00000000 00000000 00000000 00000000
00000000 00000000 00000000 00000000
00000000 00000000 00000000 00000000
00000000 00000000 00000000 00000000
00000000 00000000 00000000 00000000
00000000 00000000 00000000 00000000
00000000 00000000 00000000 00000000
00000000 00000000 00000000 